rs6698887	1	20857064	G	A	-0.017815669399043	0.00397232530025415	-4.4849472418342	7.29319779042522e-06	8.03551941465429	6	0.235512599058393
rs2292988	1	32133737	C	T	0.0160307671249155	0.00323653912748772	4.95305834209364	7.30560589404796e-07	11.5648699382541	6	0.0724104793099859
rs10749805	1	41850182	G	A	-0.0145361967697063	0.00305162329572251	-4.76343092218553	1.90328785155134e-06	8.50588597822369	6	0.203332258545582
rs17474535	1	44353084	A	G	0.0168831296575491	0.0047289241869236	3.57018403979372	0.000356730507645859	22.460023435773	6	0.000999046091615692
rs4926814	1	49957136	A	G	-0.00123418176755945	0.00286049097398481	-0.431458018495395	0.666135371655524	34.6964306336848	6	4.9341413390347e-06
rs9659092	1	50443589	A	G	-0.000594177225399756	0.00285051286882927	-0.208445726345305	0.834880955880638	35.8075146985815	6	3.0045322200227e-06
rs2989868	1	59553662	G	A	-0.00952613766007455	0.0029251307856853	-3.25665358509526	0.00112733923566143	23.7356541531546	6	0.000584068237123928
rs3128341	1	72749848	T	C	-0.01532739	0.003836355	-3.995299	6.461262e-05	38.61321	6	8.522047e-07
rs613614	1	96693878	G	A	0.02007087	0.003537956	5.673014	1.403072e-08	2.248407	6	0.8954942
rs2391782	1	97226675	A	G	0.01380805	0.004448151	3.104223	0.001907794	34.71252	6	4.898894e-06
rs1473474	1	98588885	T	C	0.019128	0.003221457	5.937688	2.890692e-09	1.932061	6	0.9258396
rs10911301	1	183282575	A	G	-0.01826189	0.00316964	-5.761502	8.336847e-09	19.11068	6	0.003980738
rs17428810	2	32736043	T	C	0.01820428	0.003443799	5.286104	1.249492e-07	8.512572	6	0.2029027
rs12713315	2	56458509	T	C	-0.01293778	0.003397248	-3.808311	0.0001399195	30.75145	6	2.827447e-05
rs11125721	2	57826028	G	A	-0.01062117	0.003022573	-3.513952	0.0004414933	15.57707	6	0.01621333
rs11693731	2	58887650	A	G	0.01190091	0.003005701	3.959446	7.512375e-05	33.22227	6	9.502057e-06
rs17656897	2	59970477	T	C	0.01967737	0.004144143	4.748236	2.051984e-06	22.34395	6	0.001048783
rs768851	2	73378241	G	A	0.01884528	0.003241711	5.813375	6.122566e-09	6.223509	6	0.398624
rs17750080	2	76262871	T	C	-0.002975962	0.003400467	-0.8751628	0.3814853	37.29494	6	1.542461e-06
rs13026143	2	100865406	C	T	-0.01264178	0.003052746	-4.141118	3.456164e-05	21.50026	6	0.001490962
rs4851313	2	101029002	G	A	-0.008379083	0.0029137	-2.875754	0.004030639	29.08137	6	5.871735e-05
rs17336684	2	104189306	G	A	0.003301101	0.002848754	1.158788	0.2465427	40.93651	6	2.98026e-07
rs10180461	2	144263033	T	C	-0.01824821	0.003275238	-5.571568	2.524566e-08	7.999057	6	0.2381724
rs2591173	2	155687076	C	A	-0.01824072	0.003182968	-5.730728	1.000005e-08	2.779302	6	0.8359931
rs1994247	2	156023165	G	T	-0.01721423	0.003141815	-5.479071	4.275659e-08	3.044922	6	0.8031879
rs7577045	2	157490646	A	G	0.01173647	0.00300441	3.906413	9.367619e-05	10.65837	6	0.09952655
rs6717424	2	162798581	A	G	0.0185455	0.003260044	5.688726	1.279903e-08	5.875739	6	0.437253
rs2044470	2	174931837	C	T	0.005977872	0.003222433	1.85508	0.06358476	38.62598	6	8.473125e-07
rs11687678	2	175133282	C	A	0.005616356	0.003509359	1.600394	0.1095113	36.96831	6	1.786117e-06
rs1347551	2	201186572	C	T	0.01356378	0.003174404	4.272857	1.929844e-05	29.13161	6	5.74452e-05
rs2001209	3	23962646	A	G	0.02072164	0.003583092	5.783172	7.330483e-09	20.93486	6	0.001884714
rs1397881	3	24063290	A	G	0.01658793	0.003354317	4.945249	7.604658e-07	26.62836	6	0.0001699582
rs17080528	3	49389842	C	T	-0.02099003	0.003420568	-6.136418	8.440316e-10	31.68725	6	1.873138e-05
rs13100903	3	50174572	C	T	0.01641483	0.003276519	5.009839	5.447567e-07	26.54559	6	0.0001761215
rs6778735	3	52565100	T	C	-0.02165668	0.003310011	-6.54278	6.038554e-11	4.826668	6	0.5662289
rs9823697	3	53002150	G	A	0.01893397	0.003323801	5.696483	1.223044e-08	11.2358	6	0.08135647
rs830620	3	71679148	C	T	-0.008470001	0.002936176	-2.884705	0.003917809	24.95884	6	0.0003474985
rs4446302	4	16315455	A	G	-0.01154661	0.003386093	-3.410009	0.0006496074	21.80448	6	0.00131371
rs6817306	4	17868058	T	C	0.02273638	0.004935637	4.606574	4.093582e-06	22.29066	6	0.001072425
rs730934	4	68024153	C	T	-0.007299868	0.002897959	-2.518969	0.0117699	34.24992	6	6.019603e-06
rs17199964	4	102707791	G	A	0.02906846	0.006113273	4.754974	1.984715e-06	16.89134	6	0.009691003
rs13107325	4	103188709	C	T	0.0400038	0.006049606	6.612629	3.775541e-11	16.86122	6	0.009807047
rs2101975	4	106216667	A	G	0.01342189	0.003056476	4.391297	1.126767e-05	60.33368	6	3.850442e-11
rs3792691	4	152635803	A	G	0.01239824	0.003001228	4.131056	3.611007e-05	17.88413	6	0.006528383
rs6823563	4	176957395	T	C	0.01310812	0.003345764	3.917826	8.935122e-05	18.35521	6	0.005403197
rs6882046	5	87968864	A	G	-0.01502459	0.003339091	-4.499606	6.807954e-06	20.14837	6	0.002605901
rs10462335	5	88088204	G	A	0.01442815	0.003057609	4.718768	2.372769e-06	9.840262	6	0.1315421
rs374613	5	112192072	A	G	-0.006111926	0.002879803	-2.122341	0.03380909	41.86651	6	1.953804e-07
rs6867870	5	139641896	C	A	0.01402191	0.003035879	4.618731	3.860939e-06	66.43782	6	2.193227e-12
rs31772	5	165495408	G	A	0.01633513	0.003315321	4.927165	8.343129e-07	5.721846	6	0.455059
rs2731664	5	176859848	C	A	0.01336225	0.003026916	4.414476	1.012548e-05	10.88578	6	0.09197135
rs9394115	6	11493604	A	G	-0.01915978	0.003481901	-5.502677	3.740666e-08	6.451115	6	0.3745954
rs13196552	6	25974204	A	G	-0.03110914	0.005438513	-5.720156	1.06426e-08	6.584321	6	0.3610033
rs1906252	6	98550289	C	A	-0.0206046	0.003225312	-6.388405	1.676248e-10	31.73109	6	1.837286e-05
rs9384679	6	108864419	C	T	0.01952887	0.003242047	6.023624	1.705547e-09	33.84624	6	7.20328e-06
rs4946935	6	109000742	A	G	-0.01755568	0.00327984	-5.352602	8.669825e-08	42.14143	6	1.724245e-07
rs11154433	6	128314604	A	C	-0.01487974	0.00326908	-4.551662	5.322387e-06	33.23765	6	9.437482e-06
rs6952104	7	24171927	C	T	-0.0089955	0.002924433	-3.075981	0.002098112	20.09723	6	0.002661154
rs7797034	7	44966771	C	T	0.003929756	0.003566374	1.101891	0.2705091	36.0986	6	2.637612e-06
rs10486883	7	71726874	C	T	0.01172118	0.002995532	3.912887	9.119938e-05	23.38106	6	0.0006783976
rs17628518	7	123685098	G	A	0.00431633	0.003017938	1.430225	0.1526524	49.24975	6	6.645175e-09
rs6467120	7	126961533	G	A	0.01365205	0.003084985	4.42532	9.629936e-06	14.23094	6	0.02716016
rs12668127	7	127148632	G	A	0.01609416	0.003175792	5.067763	4.025174e-07	19.17453	6	0.003878816
rs10263196	7	132956182	G	A	-0.0170218	0.003208947	-5.304481	1.129939e-07	14.97326	6	0.02046574
rs12707128	7	133589796	A	G	-0.02284473	0.003381998	-6.754802	1.430304e-11	1.393028	6	0.9662811
rs12156096	8	13955898	G	T	-0.01337904	0.003013936	-4.439059	9.035295e-06	12.3316	6	0.05496709
rs13253386	8	14002020	T	G	-0.01209529	0.002974287	-4.066617	4.770044e-05	16.7414	6	0.01028211
rs13278931	8	30879207	G	T	0.01304813	0.003044384	4.285968	1.819452e-05	13.07635	6	0.04183938
rs10106342	8	64692787	T	G	-0.02241542	0.003694078	-6.067935	1.295657e-09	9.653347	6	0.14003
rs13259607	8	71352047	C	T	-0.0198045	0.00485173	-4.081946	4.466009e-05	13.09622	6	0.04153315
rs12546080	8	137060313	G	A	-0.01809154	0.003202121	-5.649863	1.605762e-08	19.35187	6	0.00360886
rs4129585	8	143312933	A	C	-0.02130172	0.003296195	-6.462518	1.029752e-10	7.577312	6	0.2707339
rs11794152	9	23345347	A	G	-0.01177407	0.003005998	-3.916858	8.971052e-05	34.37601	6	5.69108e-06
rs2604266	9	76907444	C	T	0.01386233	0.003442084	4.027309	5.641883e-05	37.7306	6	1.268131e-06
rs10868082	9	86639109	T	G	-0.01428657	0.003357401	-4.255248	2.088174e-05	28.97257	6	6.156855e-05
rs1412050	9	96270756	C	T	-0.007644124	0.002997664	-2.550027	0.01077146	22.96461	6	0.000808419
rs3005191	10	25776176	A	G	-0.01291004	0.003011432	-4.287011	1.810931e-05	10.98425	6	0.08886429
rs10883688	10	103510393	A	C	0.01800096	0.003158323	5.699529	1.201386e-08	14.69697	6	0.0227492
rs3802681	10	104114328	T	C	-0.01206701	0.003042204	-3.966535	7.29251e-05	23.98599	6	0.000525367
rs7937459	11	45068571	C	A	0.01102774	0.002998526	3.677721	0.0002353276	35.1855	6	3.967134e-06
rs2046768	11	46396479	T	C	0.01291796	0.003871614	3.336584	0.0008481484	40.92208	6	2.999824e-07
rs11215690	11	115685475	A	G	-0.007981481	0.002938816	-2.715883	0.006609923	24.0966	6	0.0005013152
rs2293445	12	49398862	G	A	-0.008743378	0.0030535	-2.863396	0.004191267	74.8869	6	4.049711e-14
rs11171739	12	56470625	C	T	0.01556899	0.003125914	4.980621	6.338061e-07	11.89469	6	0.0643597
rs1962047	12	58292707	G	A	0.009851456	0.003013927	3.268645	0.001080639	19.88191	6	0.002906637
rs6539284	12	79592680	T	C	-0.01291387	0.003025147	-4.26884	1.964923e-05	22.95858	6	0.0008104721
rs11065898	12	111862575	C	T	-0.002856294	0.003490523	-0.8182997	0.4131861	43.34994	6	9.944615e-08
rs11066301	12	112871372	A	G	0.004419641	0.002888373	1.530149	0.1259798	33.06038	6	1.020903e-05
rs1927551	13	37070420	A	G	-0.01442871	0.00433131	-3.331257	0.0008645462	22.66972	6	0.0009149908
rs9597253	13	56325291	C	T	-0.01316542	0.003285543	-4.007077	6.14749e-05	15.67965	6	0.01558071
rs9537838	13	58447198	T	G	0.003564769	0.002851602	1.250093	0.2112654	38.71774	6	8.129697e-07
rs2476726	13	106591661	T	C	-0.01764685	0.003160042	-5.584373	2.345453e-08	3.074938	6	0.7993843
rs2239647	14	33292743	A	C	-0.01804993	0.003173319	-5.688029	1.285142e-08	6.004494	6	0.4226869
rs11628131	14	36994609	A	C	0.01638045	0.003195544	5.12603	2.959161e-07	7.989771	6	0.2388537
rs10047954	14	37028046	T	C	0.01640677	0.003188593	5.145457	2.668705e-07	9.580724	6	0.1434556
rs9323521	14	69553127	A	G	-0.0148983	0.003408957	-4.37034	1.24053e-05	7.466204	6	0.2798737
rs897713	14	98545464	T	C	0.01102498	0.002984253	3.694385	0.00022042	12.98534	6	0.04326931
rs10129426	14	104018455	G	A	-0.01354671	0.003034136	-4.464768	8.015543e-06	6.067882	6	0.4156291
rs2289328	15	40705417	G	A	0.01945694	0.004239664	4.589264	4.448113e-06	7.958162	6	0.2411845
rs10519132	15	47874511	G	A	0.01282635	0.003539845	3.623422	0.0002907314	21.91747	6	0.001253284
rs9922383	16	10157678	G	A	-0.03382751	0.005301342	-6.380935	1.760103e-10	11.90555	6	0.0641093
rs9934011	16	13915807	T	C	-0.02174674	0.003966439	-5.482687	4.189146e-08	5.359048	6	0.4986537
rs2343606	16	24793741	C	T	-0.009719593	0.003285831	-2.958032	0.003096104	38.23024	6	1.012736e-06
rs12928404	16	28847246	T	C	0.0160662	0.003237059	4.96321	6.933766e-07	32.09966	6	1.561525e-05
rs3809634	16	53538157	A	G	-0.01261106	0.003211464	-3.926888	8.605216e-05	23.04996	6	0.0007799176
rs1668322	16	56214483	C	T	0.00978872	0.002961828	3.304959	0.000949903	29.76748	6	4.351783e-05
rs6499260	16	69864675	G	A	-0.007134262	0.002974429	-2.398531	0.01646096	31.73686	6	1.832615e-05
rs1005551	17	34949361	C	T	-0.01368125	0.003077173	-4.446045	8.746561e-06	7.868409	6	0.2479034
rs2664008	17	43883103	G	A	-0.02656867	0.005569507	-4.770381	1.838782e-06	25.07636	6	0.0003305156
rs17698176	17	44819595	T	G	-0.02063753	0.003757047	-5.49302	3.95118e-08	59.61726	6	5.383296e-11
rs12601661	17	50296779	A	C	0.007892813	0.003133156	2.519125	0.01176467	26.03086	6	0.0002197147
rs740605	17	56604811	C	T	-0.01223133	0.00306562	-3.989838	6.611831e-05	22.88342	6	0.000836478
rs12603238	17	57130785	C	T	0.01305806	0.003113783	4.193633	2.745225e-05	19.04276	6	0.00409202
rs7235932	18	34565391	A	C	-0.0002126469	0.002966564	-0.07168121	0.9428556	41.57817	6	2.227286e-07
rs1394466	18	50905206	A	G	0.02070698	0.003292507	6.289121	3.192679e-10	16.43348	6	0.01160705
rs1393330	18	51016370	T	C	0.01761245	0.003221254	5.467578	4.562274e-08	13.96139	6	0.03007042
rs10414261	19	4061190	C	T	-0.0150948	0.00377986	-3.993481	6.511024e-05	36.09764	6	2.638749e-06
rs3813778	19	8191401	G	A	0.01202668	0.003008444	3.997641	6.397689e-05	10.63438	6	0.1003552
rs4420638	19	45422946	A	G	0.02880899	0.004223593	6.820968	9.042902e-12	47.37171	6	1.577405e-08
rs889171	19	47549156	T	C	-0.01065892	0.003018981	-3.530635	0.0004145632	15.31721	6	0.01792793
rs7266044	20	47890656	A	G	0.01436776	0.003109307	4.620889	3.820992e-06	38.1749	6	1.038294e-06
rs6015543	20	58235648	T	C	0.03305795	0.007104199	4.653297	3.266694e-06	12.95576	6	0.04374393
rs4820685	22	26951589	G	A	0.003294311	0.00316687	1.040242	0.2982276	35.93931	6	2.832508e-06
rs3788557	22	39977211	C	T	0.01609014	0.003128567	5.142974	2.704234e-07	9.874624	6	0.1300321
rs104974	22	41651034	G	A	-0.01687337	0.00314562	-5.364084	8.136111e-08	12.9071	6	0.04453517
rs5751191	22	42370991	T	C	0.01379167	0.003048832	4.523593	6.079865e-06	15.77807	6	0.01499602
